Gene	GSM410666	GSM410667	GSM410668	GSM410669	GSM410670	GSM410671	GSM410672	GSM410673	GSM410674	GSM410675	GSM410676	GSM410677
"10000"	9.892787184	10.13835409	9.980777012	9.857698396	9.984550236	10.00735366	10.20131179	10.27032393	10.30132096	10.05567293	10.03454126	10.25737629
"10251"	5.066000561	5.333752362	4.901463427	5.305014321	5.181252463	5.155105963	5.521680722	5.411424523	5.457121778	5.423104503	5.325877639	5.667919185
"10252"	9.398593663	9.378910805	9.260732155	9.02711972	9.071410991	9.025054356	10.96004381	10.99185622	11.05711504	11.04227189	11.15572291	11.00666232
"10253"	7.801584237	7.626902796	7.878453631	8.250869724	8.028156503	8.199688637	8.90125064	8.83277538	8.835820073	9.149180815	9.212617336	8.989067839
"10254"	6.321291392	5.89827068	5.940417425	6.048713192	5.960660251	6.47007498	6.233042376	6.152525864	6.312093882	6.451076806	6.199760178	6.185180741
"10379"	8.869487575	8.545723561	8.78731718	8.681307307	8.655944641	8.633789027	9.628461004	9.429877743	9.485373981	9.290597803	9.201041153	9.430460563
"10401"	8.449270783	8.128872426	8.457725952	8.294904812	8.265427189	8.300789291	7.916217743	7.836729252	8.130066515	8.023752929	8.055754163	8.106485761
"11009"	5.249654097	5.527183313	5.229948919	5.472833043	5.395400306	5.618138118	5.787448115	5.688643499	5.680394529	5.735281877	5.847878403	5.783339652
"1154"	7.132473498	7.341452627	7.220444333	7.205852507	7.208268936	7.215568497	7.113252035	7.27851757	7.16016855	7.277287292	7.334209545	7.344698238
"116379"	4.97463102	4.91442037	4.934000618	5.044539635	4.951413252	5.147532892	5.115156179	4.876568084	4.987021076	4.947448771	4.888951395	5.011178668
"122809"	4.776608545	4.43819693	4.707567784	4.650954291	5.171881253	5.145240931	5.122976041	5.049889884	5.153703172	4.812862449	5.221172263	5.189965977
"1270"	5.473511845	5.227359483	5.228441635	5.17274358	5.159012957	5.248038614	5.097409349	5.109395824	5.274483496	5.321767121	5.334660897	5.42514024
"1271"	7.406718217	7.747799024	7.481828944	7.569911574	7.63280481	7.630186729	7.32795967	7.313671128	7.312159824	7.266056023	7.468134853	7.39299195
"1387"	8.060659484	8.075222406	8.046597687	8.010430393	7.987549104	8.03959185	7.781538333	7.654362155	8.000934457	7.825818844	7.836873312	7.89039411
"1437"	6.954401693	6.984734469	7.414901986	6.912709145	7.043523095	7.130964796	6.944116836	6.946536001	6.782240639	6.783595049	6.81979022	6.738140004
"1438"	3.914955722	4.258280351	4.114233423	4.12986081	4.114227774	3.867419029	4.135556945	4.235154279	4.041338844	4.475369016	4.132362935	4.012031613
"1439"	5.736356445	5.065067214	5.506991156	5.133793379	5.640157197	5.194945655	6.776719597	7.016384885	7.178432407	6.328063544	6.417930076	7.043523095
"1440"	7.736939919	7.397705918	7.51127839	7.66067603	7.595882265	7.77526724	7.593781406	7.510963581	7.346213444	7.710693028	7.484474102	7.527831368
"1441"	7.038156217	7.236984027	7.053003672	7.133643798	7.20554403	7.150554147	7.223895414	7.297450178	7.25573178	7.381827413	7.36083715	7.418108431
"1442"	6.309484289	6.171954015	6.121150639	6.240798433	6.14083024	5.982637492	6.19055616	6.169971312	6.096093251	6.174609245	6.254780164	6.428822334
"1489"	6.964372656	7.022279954	7.137203121	6.989319716	6.792307093	7.243841873	6.723506003	6.790316172	6.50989544	6.773453742	6.743318937	6.748466946
"149233"	3.713657207	3.728052856	3.898334468	3.772867899	3.741951777	3.816995569	3.57294781	3.72419059	3.837219926	3.81227613	3.914459874	3.922186037
"161742"	8.168100704	7.675492095	7.981925075	8.121240013	8.17842855	8.012468167	10.60592799	10.4482549	10.74641242	10.61570087	10.69036499	10.57968552
"163702"	7.154792472	7.374835696	7.358945008	7.301072796	7.436139427	7.49275344	7.481013033	7.384688622	7.389768805	7.428204399	7.446710302	7.699291296
"200734"	7.542210325	7.103746184	7.451328136	7.329723947	7.301401824	7.083922615	8.552768177	8.626454817	9.077153581	8.678274844	8.65749366	8.702360283
"2033"	8.131616613	7.39725943	7.864724671	7.897702099	7.726517152	7.87091404	7.555584096	7.403534336	7.800277992	7.814630494	7.846689659	7.558995844
"2056"	6.095139159	6.241934152	6.085553032	6.10302825	6.242791405	6.322849994	6.009048615	5.835369051	5.480957198	5.818810938	5.795155323	5.601785563
"2057"	7.145898602	7.231051841	7.07089468	7.165264447	7.139843645	7.211883744	7.196461981	7.265450259	7.257966211	7.209431205	7.111881378	7.281187061
"207"	9.175794588	9.000704944	9.155873152	9.274182063	9.111308253	9.289276005	9.358622376	9.337398352	9.441472171	9.443814495	9.356483192	9.408178198
"208"	6.285079454	6.458904201	6.242415406	6.095851351	5.953156222	6.032141161	6.252486788	6.273341352	6.024675791	6.130703301	6.003820753	6.149691023
"23529"	8.148109541	8.169868332	8.296520314	8.138298147	8.201391332	8.159037479	7.887027799	7.982826366	7.777020619	8.071411814	7.908012184	7.92675925
"23533"	6.579973002	6.358336856	6.462364024	6.384640417	6.525849626	6.60609646	6.493287026	6.498341239	6.406806382	6.470873679	6.564721006	6.627333691
"23624"	5.964224197	6.222912691	6.152063271	5.804657723	5.915540447	6.191471942	5.624327204	6.018382548	5.390409771	5.711686288	5.8704916	5.527519875
"2688"	5.712772358	5.92081694	5.902972017	5.954703148	5.677553661	5.839062985	5.922554053	6.076596739	5.828552632	5.985485814	6.181519273	6.110361438
"2689"	6.729723478	7.183001814	6.939510654	7.103647668	7.01126826	7.136446619	7.040417849	6.908591279	6.965902727	7.021020645	6.988252982	6.992409608
"2690"	7.978045173	7.709452964	7.982783994	8.045831558	7.96591201	8.169025127	7.019505235	7.014962348	7.052056909	6.983995378	6.913684736	7.056225787
"282616"	5.777004912	5.667179202	5.776745726	5.860456249	5.857114005	5.854936617	5.960819515	6.195032184	6.053947227	6.122500676	6.026192704	6.093408704
"282618"	6.288333094	6.457651653	6.338685093	6.435563533	6.368124056	6.59854753	6.285850931	6.52049342	6.353808872	6.352624114	6.313490286	6.121945227
"2885"	8.791626367	8.633765108	8.66671791	9.003293931	8.818381797	8.80370834	9.10611762	9.163122574	9.136540796	9.350159289	9.333722602	9.149708975
"29949"	6.442427314	6.395980806	6.404400557	6.461639969	6.412926897	6.243056071	6.817565479	6.713922855	6.628439018	6.730675838	6.809813423	6.956764889
"30837"	6.53445869	6.27677101	6.554018824	6.386220232	6.402596867	6.352287348	6.63185489	6.592793996	6.6255625	6.490201181	6.582025361	6.581152859
"338376"	4.708843851	4.516751898	4.191088237	4.48304179	4.697706666	4.252615206	4.444567108	4.383838661	4.535474367	4.403966314	4.568413302	4.463052777
"3439"	3.616461092	3.756768556	3.675862383	3.609792723	3.727402724	3.422880434	3.673805784	3.554321306	3.931550578	3.900237979	3.836092822	3.694145377
"3440"	3.912315157	4.00514408	4.18574157	3.848843134	4.068940439	4.07017401	3.964774574	3.904258317	3.964774574	3.9571072	4.061458793	4.032037778
"3441"	5.12207287	4.919213042	4.99495236	4.955875809	5.024997775	5.295543517	5.376092718	5.212649114	5.474467728	5.557448168	5.367020331	5.361514443
"3442"	3.385826726	3.753331068	3.381290465	3.616871711	3.748128553	3.624826643	3.588843071	3.787166531	3.75334076	3.790564513	3.682508096	3.809598931
"3444"	5.573553892	6.007672269	5.873304015	5.749913543	5.696165743	5.670801029	5.859117878	5.756877904	5.855630294	5.810661832	5.95771496	6.084296922
"3445"	3.563334079	3.520572893	3.471328144	3.428565227	3.381818805	3.454598846	3.471308838	3.555610259	3.361784295	3.441298737	3.385527452	3.511202935
"3446"	4.669188688	4.804762218	4.802116502	4.828346163	4.806426834	4.867542308	4.826965187	4.748774246	5.109990059	4.937960944	4.882733291	4.843323429
"3448"	4.478137859	5.02058945	4.604689918	4.897544261	4.759545675	5.338306739	5.20155211	4.93925066	4.888445192	5.086642593	5.114117176	5.119818606
"3449"	4.122363702	4.408669527	4.157600871	4.099403981	3.90548651	4.09531804	4.323293719	3.880924695	3.952417312	4.199046864	4.206031007	4.162992049
"3451"	7.296352822	7.351267843	7.207863481	7.495445786	7.515071564	7.465060765	7.48097904	7.467594294	7.416789063	7.462885441	7.510781173	7.518059319
"3452"	6.307876087	6.412629534	6.023690414	6.369865451	6.18166564	6.232325117	6.255362139	6.309693004	6.379621826	6.454010685	6.406413126	6.603820175
"3454"	6.068987139	5.768197996	5.717221478	6.033130786	5.950958875	6.090187285	6.389050053	6.243890789	6.566778537	6.392576502	6.442753237	6.696054455
"3455"	8.699409729	8.295796451	8.388122749	8.527383266	8.198581381	8.448662685	9.116411031	9.138335952	9.201099609	9.065520831	9.125271241	9.264814047
"3456"	5.411952603	5.739324928	5.699055369	5.393823215	5.330334862	5.567166433	5.781605946	5.828193024	5.882690101	5.812163774	5.529104167	5.351204537
"3458"	4.854917283	4.866740472	4.753782381	5.020843308	4.883910655	4.955364665	4.849766044	4.640696882	4.817430845	4.886834858	4.892728084	4.81075801
"3459"	10.72951458	10.59247584	10.67191934	10.45812249	10.40190422	10.3604786	10.61620084	10.69022943	10.78628291	10.32343659	10.42410636	10.59105559
"3460"	10.26166095	10.27894419	10.34657717	10.06022505	10.22883553	10.11760673	10.34797527	10.41716788	10.46418961	10.38251758	10.45832141	10.60774967
"3467"	4.777764042	4.718400456	4.817101088	4.850955576	4.805396026	4.986592011	4.650922386	4.727424833	4.758601325	4.733505713	4.667797927	4.858962764
"3558"	3.845647945	4.067353156	3.814170967	3.87677172	3.967828201	3.908278766	3.762498448	3.607217687	3.668999806	3.76696889	3.70021738	3.646709405
"3559"	4.820992673	5.132148407	5.155141951	4.820776266	4.874002777	4.968810167	4.742152843	5.019048811	4.772152153	4.824029982	4.978627715	4.812153804
"3560"	7.178979804	7.153445417	7.236054551	7.277209523	7.219031977	7.243605523	7.200202151	7.215592983	7.268233233	7.099308955	7.160290144	7.260976619
"3561"	7.072046293	7.331488568	7.057079763	7.085903338	7.060114786	7.272295865	7.334075928	7.670387086	7.393326319	7.554900717	7.334962057	7.549985355
"3562"	4.937361561	5.009218492	4.847128324	4.949207579	5.038494235	5.022172031	4.891451687	5.013925921	4.885941992	5.028876997	4.835679753	5.123845903
"3563"	6.837975322	7.36122629	6.802533596	6.799695374	6.55470289	7.19643319	8.201733451	7.985715682	8.305066885	7.693089364	7.665798187	7.866111358
"3565"	4.249697875	4.191429204	4.078392478	4.336869619	4.438881808	4.24592435	4.25779375	4.439912866	4.512515407	4.299928982	4.251673398	4.372815995
"3566"	8.644565322	8.767733191	8.829644501	8.61777727	8.545889865	8.44618473	9.651056448	9.814521937	9.936184951	9.506675802	9.455566729	9.703353641
"3567"	4.502105764	4.69924692	4.502932062	4.459086951	4.57136097	4.597842252	4.421390709	4.356678584	4.090900389	4.133849014	4.191042088	4.16266603
"3568"	5.841709516	6.06631137	5.815152044	5.976686377	5.811016972	5.984314516	6.116185312	6.091340345	5.985735439	6.030884692	6.285565295	6.416525143
"3569"	6.611613562	6.728792239	6.722518426	6.593834617	6.496580766	6.625765838	7.509670202	6.916190178	6.921563071	7.285963687	7.416198426	7.317845245
"3570"	5.752780685	5.446328456	5.746337786	5.823005722	5.636922956	5.36002163	5.700245006	5.555567543	5.945607957	6.087866506	6.013841859	5.74292187
"3572"	8.801316011	9.06295599	8.953558741	8.853061066	8.852453025	9.653161795	9.813179232	9.594132305	9.813681645	9.646108876	9.429588746	9.639362705
"3574"	3.94068529	4.261481936	4.139442316	3.925423063	3.987489879	3.655007515	3.769280582	3.70471182	3.804135871	3.644684039	3.472719757	3.672137629
"3575"	8.532519596	8.408345268	8.526526365	8.278079204	8.371592625	8.040478764	6.935832152	7.266634284	6.712074557	7.05079546	6.981467435	7.094464066
"3578"	4.042291504	4.001663675	4.227711165	3.987120128	4.074019353	4.04973062	3.961030697	4.206776469	4.255849589	4.022433056	4.210577984	3.950870298
"3581"	6.278209507	6.343132951	6.142049395	6.203015083	6.348950527	6.278062338	6.266986363	6.359893264	6.50702833	6.377273294	6.499790881	6.301989269
"3586"	3.801802953	3.93331868	3.796128355	3.805357474	3.645770947	3.845932387	3.796441066	3.89512717	3.896347024	3.99227564	4.071224975	3.837849994
"3587"	5.752069304	5.259776074	5.315041431	5.733100622	5.42190964	5.549358861	5.930524565	6.159431622	5.975476502	5.822588478	6.073790812	6.123589038
"3588"	8.548001428	8.641572495	8.500896598	8.346695448	8.350314944	8.344220832	8.653692621	8.728358153	8.747090479	8.560888118	8.513730057	8.537014942
"3589"	4.742477053	4.554593065	4.320020519	4.562552155	4.537095532	4.525647527	4.424284405	4.361695365	4.157630732	4.37122825	4.316035705	4.522058548
"3590"	7.199687935	7.438343273	7.139263387	7.330052563	7.313728778	7.453543614	7.425945901	7.588125379	7.271108054	7.488655367	7.462872956	7.462872956
"3592"	4.168720253	4.362184626	4.057421219	4.228577484	4.240691019	4.371751424	4.07872195	4.236892064	4.257114286	4.171472341	4.295164087	4.37889802
"3593"	3.397446563	3.034202722	3.241185215	3.514491967	3.415262953	3.38480281	3.358878187	3.246572062	3.200586633	3.259467993	3.224729489	3.368865132
"3594"	4.850147847	5.009268258	4.911886029	4.75066571	5.004549796	4.797685431	4.783439715	4.659485762	4.852798124	4.767511964	4.895828034	4.753060666
"3595"	4.552340938	4.520159735	4.620465973	4.398809982	4.516013682	4.537134781	4.320502675	4.505146836	4.277182312	4.497346405	4.46669652	4.696753444
"3596"	6.732490335	7.074533533	7.037587176	6.717405779	6.676195881	6.967666464	6.65909167	6.864949007	6.510740965	6.530167719	6.768585219	6.841145593
"3597"	10.0869388	9.921555814	10.25814817	9.941126666	9.840306753	9.735377282	10.00714922	9.985418893	10.09834888	9.847173225	9.899594163	10.05254472
"3598"	4.27826148	4.823487762	4.26628377	4.574409801	4.384034671	4.395140318	7.63383708	6.356166065	6.496142726	7.484657426	7.962699526	7.374552873
"3600"	6.384437776	6.192956826	6.64092149	6.140122967	6.177618751	5.909715053	6.954239155	6.708229024	6.895865443	6.158287349	6.280492567	6.595483038
"3601"	7.841310205	7.758020536	7.528107463	7.397705918	7.710871159	7.461388579	8.934315005	8.977759019	9.020228195	8.7804301	8.945551348	9.148085455
"3716"	9.911272617	10.04376399	10.01632329	10.05707184	9.947824888	10.057786	11.35462443	11.23294589	11.53869935	11.20425802	11.12120829	11.31900889
"3717"	4.399794168	4.462111015	4.580505821	4.303036927	4.630616873	4.481907733	4.410345064	4.338233372	4.219134639	4.375119637	4.220751797	4.067143889
"3718"	7.439246742	7.928773967	7.51408535	7.576203364	7.684465031	7.681520599	7.845505822	7.881447662	7.787395168	7.971192959	7.969754578	8.160730258
"3952"	4.794710973	5.203794496	5.013810949	4.665736778	5.04396159	4.851719596	4.824655628	4.972838881	4.735998251	4.627537138	4.702258408	4.917014374
"3953"	6.528888752	6.207273775	6.316034949	6.208233307	6.403546416	6.652401196	6.730959548	6.72347855	7.003776593	6.994657844	6.915562904	6.835322847
"3976"	6.806330358	6.927547755	6.828516577	6.866002631	6.509710876	6.978668945	6.714794133	7.010878887	6.884952696	6.736856879	6.715326919	6.934559979
"3977"	4.180803244	4.484956453	4.551829358	4.489749619	4.737451424	4.985847943	4.88366257	4.557032591	4.866649417	4.722296711	4.430367157	5.206591066
"4352"	4.048540551	4.190592576	4.167930397	4.041590069	4.293544735	3.948763925	4.120912428	4.137025473	4.031985012	4.364600248	4.164953093	4.334119818
"4609"	10.91338739	11.0674593	11.09839357	10.8893907	11.02714033	10.81080884	10.32020387	10.37523449	10.19028151	10.33938663	10.43768058	10.35736591
"5008"	6.800234043	6.855270724	6.664518529	6.468869169	6.859977589	6.736700235	6.594888061	6.491515376	6.393014727	6.359516735	6.438274186	6.204875829
"50604"	5.297182593	5.197702531	5.373983321	5.567364727	5.543770281	5.523938449	5.380885007	5.364354129	5.671485349	5.552993881	5.582980105	5.468819793
"50615"	4.227711165	4.67942987	4.534109306	4.213844138	4.450428502	4.469177912	4.323994875	4.314048372	4.229091155	4.218331246	4.206176294	4.534268952
"50616"	6.399469734	6.391968282	6.491718588	6.495210831	6.515883075	6.484253089	6.662027948	6.418971901	6.338551087	6.446382817	6.655544941	6.382596645
"51561"	4.946339339	5.218063877	5.110283954	4.954721558	5.129158534	5.009520263	5.182856527	5.013217585	5.183971472	5.090520887	5.136996148	5.169008908
"51588"	7.230297199	7.049221974	6.886381865	7.351094345	7.063714564	7.098921926	7.076709628	7.065222082	6.875801352	6.943701923	6.927512524	7.217641201
"5290"	8.094254728	7.909020446	8.077726689	7.9430954	7.861945007	7.959804857	7.984910059	7.992856508	8.214913178	8.068701607	7.802038726	8.055906204
"5291"	7.734638352	7.545611403	7.759302088	7.902932525	7.75230899	7.682952607	7.999203078	7.857808377	8.136349099	8.004572132	8.001252128	8.184814853
"5292"	7.024088189	7.236879844	7.160110798	7.005750729	7.024445819	7.175190801	7.251517033	7.379771033	7.285821311	7.451010884	7.286125662	7.268861512
"5293"	7.943957823	7.909601738	7.959515354	7.832471023	7.828688634	7.561228246	7.599958718	7.552799813	7.622288786	7.659242106	7.797818483	7.683489078
"5294"	4.710112683	4.465587413	4.658757779	4.545142039	4.740565141	4.591122836	4.648208877	4.844700076	4.784685141	4.957096278	4.833230129	4.966770475
"5295"	7.316684229	7.460442975	7.413647382	7.069969039	7.137108608	7.519667472	8.313655467	8.02246073	8.285905405	8.439699654	8.275297069	8.336336908
"5296"	8.731189997	8.834159968	8.721252035	8.701752309	8.715392741	8.774107052	8.651502241	8.736671084	8.705955449	8.648869524	8.593298704	8.750676359
"53832"	3.525504262	3.569689573	3.434317532	3.374537868	3.492658163	3.595957524	3.458893445	3.230721603	3.431137131	3.304581147	3.64068257	3.254613579
"53833"	4.899796063	4.881602676	4.65788005	4.670383239	4.806941921	4.82468954	4.74185322	4.722533861	4.661839431	4.739688612	4.761014181	4.6306849
"55801"	3.453209726	3.481861853	3.508288536	3.441910795	3.227962787	3.325621283	3.097564034	3.292738217	3.177737498	3.277238635	3.049855027	3.070933923
"5617"	5.246417403	5.156627106	5.125262762	5.120179305	5.360042923	5.10808455	5.337733505	5.463371933	5.255484642	5.420047639	5.341201006	5.459897548
"5618"	3.070552277	3.235033924	3.222476322	3.037831763	3.086187002	3.129231682	3.217954975	3.180072448	3.137995836	3.080759061	3.122295406	3.052217351
"56832"	3.63755843	3.786806474	3.680093933	3.610798574	3.75609846	3.766372673	3.473417202	3.599464014	3.578099029	3.606680995	3.501427002	3.666080178
"5777"	6.309461436	6.436124645	6.653355381	6.367697434	6.432464733	6.395805856	6.477223972	6.17503513	6.21421586	6.119644358	6.29528019	5.435586628
"5781"	4.385342201	4.392274916	4.441566699	4.486788906	4.605920947	4.681276231	4.566765031	4.578078329	4.665223455	4.649741012	4.588052701	5.045774835
"58985"	6.445064894	6.458904201	6.315374581	6.144608781	6.23116952	6.300787813	6.200743017	6.237060568	6.083085872	5.959394619	6.278641117	6.148006741
"59067"	5.616556212	5.851471095	5.902822994	5.756112025	5.909767163	6.118675882	5.949947273	6.046610969	6.085786719	6.092339525	6.047312377	5.821482113
"595"	9.474996532	9.478200301	9.403359119	9.756006365	9.618979228	9.914067187	10.32703999	9.971792383	10.20210711	10.59601884	10.43236292	10.15570178
"598"	7.94847721	7.749170143	8.12376082	8.263697089	8.229748332	7.837712282	8.013559413	7.890740172	7.855446905	8.094286366	8.065660212	7.836957017
"64109"	6.54286343	6.770711819	6.400397042	6.720126607	6.492430568	6.685040191	7.04443415	6.811154598	6.804180762	6.856468344	6.912434687	6.726274285
"6654"	3.515378722	3.629496705	3.394608841	3.446082203	3.431617093	3.461738495	3.582796513	3.510080948	3.335109959	3.456334403	3.297697043	3.576286646
"6655"	7.661823765	7.409395371	7.755806007	7.436871072	7.091286348	7.394494049	7.736344892	7.60853394	7.870719811	7.435640575	7.343274702	7.620561766
"6772"	9.856034305	9.699135917	9.908250651	9.455273318	9.591868804	9.449979053	9.721210617	9.497779947	9.373499353	9.146577984	9.055111347	9.339158691
"6773"	6.702877235	6.628839914	6.391193838	6.399456745	6.486530506	6.706017301	6.881424639	6.83715175	6.661107208	6.784665657	6.802870879	7.029706217
"6774"	9.633057103	9.782428427	9.683872312	9.693790692	9.55318302	9.702611933	10.52597235	10.50503792	10.61498183	10.43409479	10.33414448	10.44976486
"6775"	5.511059056	5.638672086	5.312538262	5.610743663	5.381030493	5.551696989	5.678907123	5.920869838	5.76287936	5.808917359	5.631353553	6.1321494
"6776"	7.86603527	7.828487608	7.969201908	7.652402491	7.610726074	7.512349828	7.832672146	7.962917149	7.980874489	7.629037382	7.786104216	8.215935655
"6777"	7.778621753	7.936414098	7.635436888	7.882054886	7.826141992	7.91665815	8.078224728	8.026002123	7.897501042	8.01380832	7.910148287	7.907575308
"6778"	7.002830784	7.063342036	7.153415491	7.351117975	7.372293323	7.419306903	7.045424097	7.023684635	6.857546158	7.019176762	7.045424097	7.086086072
"7173"	5.198294957	5.484728935	5.31589998	4.884946319	5.470119757	5.294820916	5.192701164	5.455088769	5.022918588	5.27583769	5.242980361	5.1801947
"7297"	8.684191039	8.699871175	8.640215009	8.687563294	8.556672384	8.757866214	8.642738904	8.709814421	8.723389011	8.617021664	8.707620769	8.664809567
"8027"	8.781333191	8.585100495	8.673268128	8.744289495	8.668011505	8.888947769	8.90627176	8.783390748	8.920472832	8.93742937	8.952749925	8.960792379
"81848"	7.014349174	7.195493705	7.021836321	6.909891841	6.993962572	7.062612291	10.94875012	11.04764625	11.25819778	11.13525738	11.03368361	11.12971964
"8503"	8.868597379	8.943782497	8.783355479	8.831186851	8.749914895	8.919044849	8.500249402	8.086766117	8.300189297	8.284984544	8.107743271	8.354267599
"85480"	3.132746229	3.398705556	3.048512196	3.136307603	3.032213166	2.961806747	3.17653742	3.103708821	3.00513877	3.12694029	3.063518728	2.99777308
"8554"	7.367832418	7.187599813	7.140131504	7.158268493	6.963240894	7.001742101	6.950840267	6.808534744	7.326631771	7.131037139	6.697328623	7.362852752
"8651"	5.976900509	6.16224526	5.843927335	6.099081243	6.166216313	6.034157851	6.206368379	6.244240079	6.189717957	6.235916848	6.499177605	6.567089675
"867"	6.221895381	6.028892466	5.937933204	6.364024915	6.051721751	6.556137063	6.307233808	6.246811623	6.161550682	6.240134863	6.299505171	6.200307534
"868"	3.442441405	3.453791589	3.535626795	3.576380281	3.527755975	3.591380856	3.424508042	3.707370868	3.663321404	3.760457213	3.664508877	3.613604004
"8835"	7.861806068	7.599736808	7.382648251	7.242845178	7.201703744	7.166726184	8.496292432	8.528044467	8.594396801	8.548750618	8.770045878	8.633159892
"894"	8.817726417	8.778806996	8.792551484	8.93031024	8.849807456	9.373829616	8.117307565	8.241772919	8.363409671	8.260882114	8.277433376	8.313244412
"896"	6.721936003	7.012903589	6.554871585	6.476498889	6.666822769	6.56828498	6.598077691	6.443779399	6.420483929	6.589216748	6.653509606	6.54854526
"9021"	6.712162832	7.131727094	6.776327207	6.531261431	6.739050753	6.541320977	8.110552132	8.442783055	8.403516097	8.71420228	8.541675501	8.561958611
"9063"	3.214533891	3.411291526	3.241127235	3.286228896	3.379955916	3.267730835	3.240864907	3.328298887	3.078893459	3.257841554	3.306687422	3.304570152
"9180"	5.971914932	6.246263612	6.338685093	6.062417616	6.184095451	6.377267511	6.386341739	6.889760316	6.696724439	6.573854913	6.572439599	6.563846073
"9655"	8.204800574	7.431454986	7.870519138	7.876689122	7.608081149	7.425917731	7.310526083	7.271824331	7.421043639	7.161502034	7.264479968	7.365257185
