Gene	GSM410666	GSM410667	GSM410668	GSM410669	GSM410670	GSM410671	GSM410672	GSM410673	GSM410674	GSM410675	GSM410676	GSM410677
"1003"	12.05886042	12.00875758	12.07616111	11.96546232	11.91550717	11.96817309	11.66370424	11.73836658	11.97350326	11.82498052	11.6982217	11.77739459
"100506658"	5.535202452	5.463558122	5.515092878	5.39557992	5.299211292	5.176621396	5.050169824	5.250546948	5.30762839	5.353979335	5.199055811	5.155655413
"103910"	12.77284335	12.78594345	12.76877494	12.87269698	12.82181103	12.89479554	12.83440999	12.8150504	12.89685678	12.9017855	12.93092642	12.78533908
"10398"	9.063405774	9.029367763	9.050049338	8.761884182	8.788186468	8.065435837	7.551471274	7.420854508	7.522796337	7.274747647	7.315777039	7.516335252
"10411"	7.051752943	7.11083948	6.981957984	6.747692665	7.044761418	6.735844877	6.994394957	7.274671825	7.163605428	7.04503095	6.968376686	6.96756347
"10451"	6.457940327	5.913188028	6.350892828	6.030019269	6.149145505	5.901143426	6.192504889	6.19727552	6.566778537	6.036109504	5.705665979	6.35145219
"10627"	5.918963196	5.673177727	5.428620241	5.645966279	5.924670218	6.183114416	6.248065134	6.1877315	6.06590486	5.90830876	6.22282283	6.499747185
"10686"	7.044510754	7.281204878	7.118113881	6.944157149	7.040569783	6.956660874	7.068403687	6.798858532	6.914206528	6.896388311	7.085209279	6.957937807
"11069"	4.773871752	4.69968951	4.797306936	4.567206107	4.596474896	4.526774734	7.198071639	6.74667611	7.357776432	6.831959411	6.932150232	6.753839975
"1364"	6.272331915	6.285144796	6.501296178	6.359768599	6.479920135	6.575523679	6.616893565	6.647768594	6.509952953	6.617846824	6.59306879	6.631932922
"1365"	5.023123774	4.975459511	5.400455303	5.19009633	5.071045801	5.201247661	5.097585571	4.899898843	4.953041091	4.933789515	4.981192004	5.020276414
"1366"	6.811110027	6.947436473	6.604674276	6.7311555	6.513177812	6.45773901	6.552819645	6.707092447	6.51270042	6.243718	6.611040616	6.569970143
"137075"	4.782530359	5.104210331	4.67914512	5.029672076	4.966607367	4.945352866	5.108046927	5.027406062	4.866186514	4.952663536	4.957238432	4.942658994
"1432"	9.28908259	9.316761196	9.217367244	9.12908295	9.145304651	9.060480655	9.425538197	9.400764068	9.315901333	9.155459982	9.270996107	9.448096861
"149461"	6.818225347	7.028077201	6.840893763	6.811468995	6.899817407	6.922676467	6.986816795	6.872714363	6.885934551	6.762987202	6.873691833	7.061332013
"1495"	9.426468991	9.405120488	9.292324757	9.581386335	9.700173234	10.11651875	9.547607501	9.420182411	9.654294261	9.65248669	9.569740971	9.648079777
"1496"	5.616157107	5.733042239	5.85964875	5.441790765	5.534372986	5.756391723	5.701383313	5.497481345	5.382346618	5.444151516	5.453591534	5.693603628
"1499"	6.006343242	6.127349073	6.293754206	5.750177193	6.170870995	6.153132146	6.586051836	6.648429066	6.950210105	6.619277143	6.057034655	6.779762601
"1535"	10.10201685	10.18029888	10.10340911	10.1270187	10.10396547	10.16085801	11.25402987	11.33803281	11.26632032	11.27201924	11.3580609	11.45085264
"1536"	5.269433168	5.528314095	5.250820038	5.498128905	5.697505925	5.590124447	5.490721028	5.589539494	5.456267189	5.487305673	5.516862081	5.261318242
"2185"	6.94107503	6.674619878	6.884575066	6.854282683	6.890133033	7.020467488	6.598751156	6.570651193	6.466056294	6.480935629	6.567121361	6.734245319
"23533"	6.579973002	6.358336856	6.462364024	6.384640417	6.525849626	6.60609646	6.493287026	6.498341239	6.406806382	6.470873679	6.564721006	6.627333691
"23562"	6.850829358	6.890508843	6.854267937	6.894357517	6.986672433	6.487304394	7.175324988	6.924860963	7.234348931	6.996292089	7.024778131	7.118227398
"24146"	5.975161371	6.104161758	5.945771327	5.984006875	6.034232737	5.922458781	6.046406153	6.162690674	6.056426166	6.081016927	6.126238027	6.21478264
"26285"	7.582591426	7.539311532	7.66609017	7.413931805	7.384943516	7.306286341	7.525875651	7.626297595	7.662991043	7.717415892	7.753953007	7.841573542
"27035"	3.419960365	3.352615674	3.583814623	3.271890109	3.575655475	3.545808432	3.445212089	3.587145412	3.418820831	3.494433133	3.357039037	3.444549796
"2770"	9.118597218	8.437258628	8.975570969	8.969615121	8.90154911	8.754177394	9.094812449	9.159938824	9.211440612	8.929638788	9.043634425	9.011100322
"2771"	11.02724779	11.06306739	11.0887069	11.3381596	11.13836515	10.5993093	11.34959104	11.55663892	11.52063495	11.43213168	11.46318153	11.45658146
"2773"	9.737220212	9.909903171	9.690515662	9.656843198	9.694253758	9.772320606	9.665671995	9.503276146	9.56755859	9.373934741	9.435414503	9.490385485
"2909"	7.122569862	7.206980193	7.192872144	7.159010222	7.10544731	7.035669289	6.852908793	7.125280265	7.181361235	6.847626518	6.970775567	7.081657432
"29119"	3.535636572	3.346689223	3.43957813	3.451863751	3.441458479	3.472828733	3.610771571	3.538056006	3.547325997	3.44922314	3.615886479	3.678440239
"29895"	7.125180497	7.185324678	7.179766703	7.198411955	7.177656133	7.120275809	7.258686652	7.399085642	7.030707568	7.218977197	7.301521177	7.206601623
"3383"	7.899135247	7.881017448	8.452249849	7.6174556	7.426842226	7.601233659	9.81858802	9.6981858	10.5804557	8.356268471	8.513299646	9.767358863
"3676"	6.197670401	5.961287248	6.132523269	6.097994796	5.815800652	5.945713928	6.137465651	5.969743017	6.72121733	6.111622022	6.048644001	6.400909499
"3683"	4.546953096	4.684417379	4.473570411	4.40835226	4.461186934	4.465541898	4.328240296	4.525371228	4.458040776	4.270770765	4.553228119	4.710080811
"3684"	4.739947718	4.664714175	4.878639202	4.805737334	4.975422192	5.156679429	4.957254715	5.261318242	5.010801888	4.822290159	4.934899399	5.03993565
"3688"	11.59683205	11.66251195	11.66094459	11.58583093	11.74075451	11.89218329	12.26108431	12.15547286	12.21163519	12.01944942	12.09979195	12.23731781
"3689"	5.616157107	5.79498998	5.45957209	5.809973889	5.746916966	5.726161348	5.64985589	5.881186843	5.706718062	5.772969597	5.757140361	5.69622289
"3702"	4.934651408	5.207206112	5.002712235	4.766843956	4.874985143	5.069421387	5.129122606	4.969231973	4.986644364	4.993381999	4.859327166	5.310598332
"387"	12.65094929	12.56550259	12.53174334	12.4952802	12.51591156	12.53060439	12.47002662	12.46139511	12.36672828	12.25600086	12.37017467	12.39089023
"394"	5.887605062	5.638019378	5.831774667	5.693922181	5.567194661	5.596332009	5.963565457	6.135843	6.49283405	5.981994185	5.855768948	6.334193209
"399"	5.747793443	5.905878406	5.703264313	5.847197564	5.617633619	5.861533752	5.937418206	5.900101077	6.170042037	5.915595958	6.020114368	6.22446976
"4267"	12.37367232	12.36379747	12.41122891	12.32441511	12.33281589	12.46616429	13.06780556	13.06313627	12.96816058	12.85658726	12.96090733	13.00310074
"4301"	5.070334876	5.309724994	5.394684917	5.359665695	5.199036765	5.163364111	4.837465514	5.451710457	5.193926056	4.980666487	4.825265413	4.694082562
"4313"	3.944721831	3.892250809	3.922219192	3.882826943	4.113969829	4.259572328	3.705835364	3.903659137	3.939409308	3.874426501	3.872798947	3.857679159
"4318"	6.560612465	6.658534414	6.160607531	6.429998323	6.694441282	6.578864392	11.90070598	11.40294909	10.46065841	7.421977958	7.737013791	10.79299363
"4478"	12.35726703	12.39646488	12.37009532	12.59659829	12.55016722	12.60929094	12.64445821	12.62574115	12.80133319	12.77778688	12.80020252	12.70217828
"4633"	6.23631939	6.321678689	6.28324497	5.884993115	6.180348271	6.048129945	6.783033344	6.554956755	6.397421588	6.725768399	7.109965436	6.577869836
"4636"	7.075182015	7.341245855	7.125959453	7.267260227	7.032218408	6.904159707	7.165915688	7.267933731	7.130840132	7.086984852	7.125980688	7.218865214
"4688"	5.372777933	5.424478862	5.656373876	5.312792041	5.334835388	5.530862172	5.31108036	5.475532401	5.219111154	5.524515328	5.381726141	5.590965166
"4689"	5.477099641	5.061570749	5.363917305	4.976580721	5.376621339	5.10432923	5.02236151	5.385122572	5.342945099	5.472939685	5.283895295	5.348606423
"49861"	4.30813544	4.682190127	4.569112313	4.367201334	4.629493224	4.690167189	4.280923992	4.510308479	4.544035076	4.440045909	4.385319573	4.51537466
"5010"	3.298180982	3.624598559	3.317286133	3.42708085	3.38977548	3.645368944	3.44922314	3.504685371	3.282993028	3.556981251	3.297697043	3.24811495
"50508"	4.351807404	4.229033124	4.172019566	4.26014518	4.352874158	4.416898918	4.092710065	4.361872355	4.237645436	4.296455634	4.529500913	4.377021987
"50848"	9.520170528	9.418667957	9.365699545	9.320554591	9.339020529	9.827849424	9.914527838	9.939457647	9.970507692	9.663193957	9.608501497	9.736343221
"51208"	6.948305413	6.867662517	6.96769145	7.156110841	7.132491892	6.81258695	7.052588871	7.09880951	7.221424235	7.040445702	7.060207927	7.476342286
"5175"	8.786145417	8.786811678	8.781663437	8.797068789	8.64178584	8.445558627	9.546808799	9.658544708	9.708384166	9.321090766	9.289975691	9.522915585
"5290"	8.094254728	7.909020446	8.077726689	7.9430954	7.861945007	7.959804857	7.984910059	7.992856508	8.214913178	8.068701607	7.802038726	8.055906204
"5291"	7.734638352	7.545611403	7.759302088	7.902932525	7.75230899	7.682952607	7.999203078	7.857808377	8.136349099	8.004572132	8.001252128	8.184814853
"5293"	7.943957823	7.909601738	7.959515354	7.832471023	7.828688634	7.561228246	7.599958718	7.552799813	7.622288786	7.659242106	7.797818483	7.683489078
"5294"	4.710112683	4.465587413	4.658757779	4.545142039	4.740565141	4.591122836	4.648208877	4.844700076	4.784685141	4.957096278	4.833230129	4.966770475
"5295"	7.316684229	7.460442975	7.413647382	7.069969039	7.137108608	7.519667472	8.313655467	8.02246073	8.285905405	8.439699654	8.275297069	8.336336908
"5296"	8.731189997	8.834159968	8.721252035	8.701752309	8.715392741	8.774107052	8.651502241	8.736671084	8.705955449	8.648869524	8.593298704	8.750676359
"5335"	9.409830253	9.461145829	9.412735509	9.235110877	9.244657492	9.342176549	9.302477362	9.398679553	9.293344257	9.202867626	9.203201717	9.261520625
"5336"	4.893980923	5.080518519	4.751358575	4.775622184	4.907652409	4.760378178	4.893408046	5.00295766	4.797007286	4.881815589	4.634805638	5.039706871
"5578"	6.839415067	7.15482141	6.883928223	6.688412178	6.866189796	7.218383536	6.820565454	6.963702367	6.639113804	6.719635747	6.86210907	6.85012072
"5579"	3.862630582	4.135530139	4.120495472	4.165029579	4.011400228	4.450327575	4.215047426	4.314358783	3.833023361	4.150139002	3.940339765	4.021707584
"5582"	7.236165044	7.221383181	7.139442846	7.104553359	6.846785334	6.925670468	6.994394957	6.992035752	6.543496056	6.707592848	6.99715847	6.69328477
"5600"	6.523984412	6.614563999	6.256757599	6.307939432	6.310945805	6.465214865	6.895200595	6.807594501	6.769644305	6.574665923	6.587085873	6.681303889
"5603"	7.272131669	7.095406846	6.994845279	7.130243429	7.025722208	7.381374388	6.789381607	6.98423175	6.967583803	7.098573492	7.149129655	7.019183462
"5747"	4.177377744	4.338472947	4.124989077	4.062826294	3.976955016	3.927883242	4.199226364	4.121938984	4.053152141	4.038471642	4.091350322	4.212032586
"5781"	4.385342201	4.392274916	4.441566699	4.486788906	4.605920947	4.681276231	4.566765031	4.578078329	4.665223455	4.649741012	4.588052701	5.045774835
"5829"	9.81155235	9.645439862	9.896367687	9.953025225	9.812735335	9.604153024	9.102134795	9.135736105	9.243971301	9.368606676	9.313152381	9.347393459
"58494"	5.949841161	6.079991355	5.940089342	5.933985974	5.921090987	6.148234299	6.089770056	6.171097028	6.194346937	6.093211609	6.274492155	6.580601735
"58498"	7.017478514	7.264970574	7.040022995	6.797930971	7.038265918	7.007041776	6.680128049	6.953343822	6.645789082	6.678671834	6.82546163	6.690762651
"5879"	6.03090198	5.921785288	6.416786105	6.197972041	6.234089146	4.359443972	6.178157553	6.275427393	6.250051452	6.510764984	6.488892223	6.559150604
"5880"	9.465573867	9.164382868	9.400969529	9.554491627	9.469606865	9.485916111	9.445539785	9.049254279	9.097573966	9.491785627	9.534658721	9.379427058
"5906"	5.745951926	6.382555709	5.799974977	5.385275562	5.061377274	5.077012907	10.92045294	10.62100111	10.32219896	10.66820895	10.84836286	10.64358434
"5908"	11.49933869	11.45005807	11.47096042	11.66062522	11.60994176	11.571176	11.94488609	11.75695738	11.92182839	11.90988802	11.91173718	11.91958941
"60"	14.19564483	14.14185838	14.20989058	14.25470238	14.22437814	14.10088125	14.18248516	14.18928924	14.23894296	14.26167582	14.20608935	14.20531426
"6093"	3.367342572	2.971176269	3.204321028	3.328919301	3.261796272	3.118359788	3.242939262	3.430823344	3.51684553	3.374184422	3.388324105	3.547381081
"6300"	8.204181434	8.300118261	8.16072896	8.222561148	8.269902591	8.389590023	8.294103375	8.476257997	8.318549963	8.339012975	8.380894188	8.58617331
"6387"	7.950092334	7.874294557	7.432359854	8.055754163	7.845193245	7.824353382	10.07054823	9.577180404	9.931994735	10.61580856	10.39394686	9.987901831
"6494"	7.930704122	7.849802462	8.03137676	7.888884097	7.775472656	8.05811775	8.370703345	8.388334882	8.643586976	8.594308513	8.524430707	8.660053173
"653361"	6.504704981	6.337447036	6.316273868	6.216649351	6.121981658	6.223714586	6.059896988	6.222272071	6.048538802	6.229666345	6.048258853	6.171705099
"7070"	6.404997136	6.617415659	6.788439096	6.572152934	6.402480532	6.807068197	6.798425099	6.735529748	6.765877945	6.52644899	6.594597218	7.102111935
"7122"	9.927667556	9.728892055	9.737415796	9.560921474	9.662371515	9.331915453	10.86847722	10.64409478	10.78112361	10.65935507	10.65290517	10.75405168
"7294"	3.616001246	3.800625668	3.75020706	3.692905184	3.797989951	3.66378313	3.601211204	4.013764009	3.732520764	3.882170406	4.008858756	3.971250193
"7408"	9.964008795	10.06610829	10.08148357	10.34529608	10.12281319	10.30047794	10.15455481	10.14780966	10.26438149	10.51333857	10.47289898	10.43715996
"7409"	6.36597965	6.708278159	6.758520322	6.648127869	6.543844174	6.569331537	6.458142552	6.414819803	6.412033512	6.455396518	6.25161523	6.579049407
"7410"	7.31110541	7.340025529	7.201918628	7.346478404	7.253194607	7.355540817	7.287943805	7.275581178	7.149426047	7.400476814	7.384510393	7.551824173
"7412"	5.212569966	5.172460676	5.274290179	4.774988766	4.444816551	4.734540729	4.871942076	4.768057177	5.257358131	4.636969439	4.407123539	4.571555168
"7414"	5.692384874	5.795909065	5.539429311	5.771839255	5.471337127	5.386283373	5.449601688	5.697822647	5.510835653	5.56776036	5.372565846	5.550297375
"7430"	8.136962845	8.254584483	8.198554489	8.538525207	8.608730368	8.971850919	8.104265976	8.383407117	8.083957032	8.258975772	8.080156436	8.013570378
"7852"	10.31962921	10.37714226	10.33766488	10.09323104	10.12293679	10.02446145	12.15920394	12.48288457	12.2786826	11.58079589	11.75161006	12.13320062
"81"	11.17541637	10.95195514	11.15509386	11.17815825	11.03554311	10.64930695	10.7775568	10.89852896	11.02564089	11.00107388	10.90197018	10.95330874
"83593"	6.2286158	5.778485821	6.076021499	5.874966948	6.367055347	6.336986434	6.265226162	6.454183244	6.299624588	6.353858457	6.356088924	6.671894923
"83700"	8.850290117	8.705111645	8.942422741	8.841463841	8.910196233	8.717720639	9.673247336	9.693354131	9.705018856	9.612447102	9.611690966	9.6391828
"8503"	8.868597379	8.943782497	8.783355479	8.831186851	8.749914895	8.919044849	8.500249402	8.086766117	8.300189297	8.284984544	8.107743271	8.354267599
"87"	11.84580181	11.66796323	11.79266981	11.89080424	11.76454667	11.82419782	11.21887327	11.1663511	11.36227496	11.32872155	11.40225509	11.27291875
"88"	6.779556063	6.940269479	6.805207681	7.165152497	7.120038116	6.86996733	6.97272862	7.446150667	7.229655117	7.26569318	7.063258879	7.223591792
"89"	6.375683356	6.513463763	6.245820952	6.422262591	6.347627065	6.516469018	6.258733302	6.275097989	6.13899107	6.368398523	6.423431082	6.153172351
"9071"	5.751286875	5.8668402	5.934351765	5.679402025	5.798804339	5.761365949	5.767248124	5.937710578	5.717165803	5.458916125	5.753547199	5.94665283
"9073"	4.257428016	4.503688091	4.276968192	4.293688518	4.178800439	4.374348181	4.285368019	4.114564554	4.051122352	4.194026906	4.350142267	4.61309842
"9074"	7.469242824	7.560963691	7.43729293	7.496303316	7.406997026	7.764066486	7.270862114	7.377122107	7.166730216	7.344782126	7.389301898	7.564812482
"9075"	5.973605908	6.309028734	6.121588304	6.171705099	6.185142473	6.395622223	6.205273667	6.164484416	6.240984027	6.102942592	6.127358679	6.117663394
"9076"	5.638661073	5.734333651	5.730015587	5.62393098	5.619881907	5.566303777	5.16552744	5.012266366	5.365496689	5.28054744	5.065318257	5.307114421
"9080"	7.237102771	7.627154258	7.298150521	7.397705918	7.291153131	7.444355016	7.207843471	7.383652503	7.04365472	6.956173205	7.26289471	6.921735906
"90952"	9.828789111	9.775513703	9.735315938	9.957599508	9.848693295	9.606091082	10.93771072	10.98440231	11.12528375	11.02653953	11.07325913	11.01812298
"93408"	6.652839925	7.106198689	6.707968843	6.601400648	6.665490962	6.632835089	6.641217407	6.848290761	6.54208144	6.580028901	6.484197535	6.800321602
"9475"	9.282533505	9.280065037	9.26015286	9.076877553	9.169842208	9.10844583	9.352467335	9.440857237	9.38791633	9.173263659	9.176324804	9.333998084
"9564"	9.076392778	8.960662499	9.083934619	8.938646555	8.973842096	9.036437526	8.633061482	8.368886505	8.297124102	8.459016026	8.607452119	8.502353461
"998"	11.20733092	11.31167474	11.27553086	11.94828602	11.71885613	12.09729266	11.26869212	11.20326711	11.12010702	11.64302829	11.59382906	11.39454281
