Gene	GSM410666	GSM410667	GSM410668	GSM410669	GSM410670	GSM410671	GSM410672	GSM410673	GSM410674	GSM410675	GSM410676	GSM410677
"1017"	9.479579451	9.409870804	9.438640196	9.358968027	9.404170791	9.034326116	9.451134315	9.515339677	9.551782371	9.588721487	9.681244837	9.692130119
"1019"	10.80090286	10.78778416	10.76418351	10.94787211	10.85025918	10.64803056	10.44289062	10.4326762	10.35182182	10.36317815	10.40341543	10.38123563
"1021"	6.351891192	6.582667488	6.329769814	6.483814882	6.349422943	6.67775444	6.63923897	6.794483726	7.015210834	6.75636758	6.794249822	7.043523095
"1022"	9.413327139	9.04860973	9.306257794	9.362682451	9.354485991	9.158760703	9.201692119	9.124546532	9.081333844	9.174189343	9.229374059	9.093191435
"1026"	10.7561866	10.82207352	10.86686341	10.97325154	10.94505534	10.83306383	10.96045887	10.94155527	10.98226341	11.03737484	11.09435167	11.06560911
"1027"	8.889683295	8.768875497	8.703498122	8.631948191	8.710018071	8.482322883	8.000709051	8.078928017	8.097050584	8.235800107	8.176680625	8.111976383
"10274"	7.946156034	7.628981265	7.747643437	7.936583772	7.982385962	7.759502769	7.987907094	7.770412758	8.015529591	8.16389772	7.945695538	8.112626115
"1028"	7.101576462	6.919045686	7.112659635	6.688311365	6.489504963	6.620575304	6.26949069	6.646631272	6.635425181	6.072056331	6.288905913	6.344778386
"1029"	5.762679416	5.775916993	5.651092355	5.927350138	5.907392945	5.592803883	6.378348066	6.450238085	6.344922358	6.471816204	6.176314699	6.581043409
"1030"	7.025559851	7.054753699	7.12815422	6.947618443	6.752306526	6.986009707	6.799635688	6.529983592	6.390507584	6.709342148	6.558513025	7.091488968
"1031"	8.511095383	8.62449276	8.563750581	8.667034354	8.694950945	8.158502234	8.076641655	7.731750662	8.091454728	8.246591554	8.292770183	8.02087953
"1032"	6.814028799	6.75454239	6.772250921	6.675724473	6.773894661	6.780225397	6.648724803	6.645025286	6.789922186	6.746280528	6.949725347	6.82544876
"10393"	7.674469233	7.947868044	7.595906334	7.692059749	7.597106269	7.624098014	7.873026924	7.766677821	7.911048587	7.774934992	7.941605071	7.911610034
"10459"	8.619469221	8.72920829	8.644269424	8.631223437	8.558036068	8.522097802	8.705526689	8.686513332	8.606264508	8.640404171	8.729899161	8.725655813
"10735"	8.40186234	8.45384026	8.505861362	8.291048937	8.341105073	8.299804439	8.350727815	8.163221256	8.341677704	8.286766251	8.008133141	8.180440787
"10744"	3.935812901	3.887610345	3.809089144	4.108013968	3.789084765	3.772880252	3.693293941	3.759071488	3.725339155	3.836915492	3.809089144	3.821524951
"10912"	6.066586467	6.178040529	5.878197443	5.914697984	5.851618386	5.693888231	6.068065156	6.361834032	6.01063011	6.035967685	6.112491084	6.495241912
"10926"	7.937640548	7.478834861	7.817348048	8.256335383	8.076201042	8.126508263	7.567806294	7.05056415	7.486480149	7.954269261	8.046158599	7.648149534
"10971"	12.21385608	12.20177619	12.3073086	12.30469104	12.28980215	12.32212918	12.29855923	12.25104383	12.38629598	12.21959822	12.27794411	12.32827279
"1111"	6.7774137	6.529974893	6.903421202	6.847626518	6.865514114	6.757486687	6.312359607	5.849273862	6.478356588	6.527586855	6.574919329	6.450728704
"11200"	7.468300572	7.320081376	7.219842524	7.054870121	7.302830753	7.385893943	7.079421319	7.102025639	7.094116321	7.113346195	7.040786475	7.148882775
"1387"	8.060659484	8.075222406	8.046597687	8.010430393	7.987549104	8.03959185	7.781538333	7.654362155	8.000934457	7.825818844	7.836873312	7.89039411
"1647"	9.967464677	9.537611343	10.02745045	10.05100648	10.04275594	10.05292577	10.02312409	9.949404228	10.02719247	9.729592692	9.76980335	9.834190801
"1869"	6.839299059	6.886109647	6.57941785	6.774640369	6.791051861	6.867761141	6.772939804	6.979184624	6.773565559	6.925623367	7.032691142	7.057206089
"1870"	5.856334897	6.332722332	6.141474464	6.206929745	6.217475706	6.516109781	6.003114939	5.985825832	5.965613611	6.175016967	6.229186533	6.120517421
"1871"	6.851676734	7.090624305	6.890904456	7.016320016	7.007013132	7.070532258	7.284955828	7.343357544	7.326322201	7.3075832	7.199940806	7.335804158
"1874"	7.506222067	7.549624777	7.86682025	7.630727389	7.417124635	7.435809016	7.526298844	7.532376266	7.513304008	7.5610628	7.603647009	7.593372119
"1875"	4.947855542	4.669125585	4.623519802	4.885225304	4.765409771	4.730846824	4.674799646	4.797037928	4.68686776	4.958250615	4.801270267	5.033520219
"2033"	8.131616613	7.39725943	7.864724671	7.897702099	7.726517152	7.87091404	7.555584096	7.403534336	7.800277992	7.814630494	7.846689659	7.558995844
"23594"	8.116481893	7.855392197	8.002780586	8.108841695	8.006674	7.800117947	7.8347399	7.67701373	7.720221063	7.934715848	8.046700466	7.812470269
"23595"	7.449587124	7.446768941	7.727796151	7.58793644	7.488891253	7.396041882	7.30758126	7.171213406	7.361951696	7.388178376	7.409550784	7.492231787
"246184"	9.521947011	9.496786944	9.328574525	9.571215962	9.54425382	9.599197849	9.382748418	9.479772655	9.284122595	9.544473312	9.622592405	9.382804425
"25"	9.838416415	9.96066958	9.994736681	9.846514778	9.906801208	9.637911206	9.261706128	9.299138226	9.443555939	9.269466458	9.097815286	9.310927768
"25847"	10.55524341	10.69706123	10.65893727	10.49500059	10.49597824	10.58421132	10.46851293	10.2961054	10.21990505	10.45297806	10.5279293	10.44459524
"27127"	4.91331488	4.959726736	4.582643775	4.48600957	4.776411947	4.56690927	4.654689825	4.477476826	4.23764217	4.382273778	4.654478157	4.681518411
"2810"	6.442427314	6.628213433	6.542414885	6.50123996	6.516232448	6.746946528	6.582539272	6.597396842	6.33325356	6.806330358	6.672319971	6.545814463
"2932"	8.216363024	8.136264135	8.049108709	8.11961831	8.026511892	8.553313118	8.435685497	8.41151583	8.413376386	8.428957196	8.437026487	8.454637597
"29882"	8.094133552	7.974310217	8.195730435	8.282719288	8.184893471	8.037169701	8.194816548	8.263224457	8.258455564	8.172002731	8.168708281	7.938611176
"29945"	8.693793277	8.626555856	8.815202639	8.674104897	8.488142183	8.545783041	8.484248618	8.482846333	8.41326135	8.421984359	8.351691588	8.358490864
"3065"	10.86785585	10.83699566	10.8321736	10.67025376	10.63824723	10.75324213	11.4165136	11.27582745	11.29407235	11.26475774	11.32609324	11.26764727
"3066"	10.44780834	10.40948259	10.3513783	10.46188591	10.44527708	10.43274204	10.04501914	10.0280013	10.02181667	10.14957664	10.15739395	9.937811576
"4085"	9.11714675	9.003887127	8.866234253	9.359577613	9.286854949	9.168681285	8.791550553	8.43792803	8.478110257	8.782595593	8.945997095	8.726546599
"4087"	8.765198523	8.718494596	8.90660186	8.974585565	8.934061706	8.835658931	8.617806027	8.551243397	8.645565008	8.755038855	8.706662631	8.730957805
"4088"	7.387933292	7.404741059	7.280511577	7.391024151	7.442943597	7.590521317	7.626122067	7.504873653	7.567992339	7.723685902	7.700684828	7.930266158
"4089"	3.315598214	3.360914275	3.14875893	3.102710799	3.276419879	3.399128869	3.436486416	3.714857265	3.582907742	3.33906891	3.303776073	3.313377173
"4171"	9.543361239	9.453843157	9.591966612	9.442877519	9.411858587	9.180390455	8.974556696	8.720308065	8.721538961	9.008923975	8.96873625	8.885499229
"4172"	9.701320325	9.616204734	9.723072902	9.799144622	9.796904836	9.636164081	9.683730777	9.689039963	9.644759199	9.948448316	9.82823231	9.67032393
"4173"	7.892429913	7.781212372	8.001892701	7.817629459	7.839605267	8.397059908	7.513362345	7.466336163	7.597530107	7.660912715	7.558326848	7.568884667
"4174"	8.542221154	8.632195484	8.772800279	8.695338981	8.390898278	8.239259297	8.156509371	8.247065005	8.207685765	8.45071085	8.383446828	8.349849281
"4175"	10.1242499	10.11621184	10.08974907	10.1350596	10.09737571	10.18469351	9.918189662	9.734051417	9.84507691	10.02403702	10.05730275	9.988537728
"4176"	9.249494465	9.127006656	9.40674358	9.357480006	9.360340754	9.020388724	8.762993574	8.655697634	8.659433267	8.83891445	8.969581623	8.771838826
"4193"	5.609116725	5.879168977	5.499803053	5.741993523	5.865893195	5.781161858	5.42003697	5.383215281	5.469722364	5.559142767	5.640179895	5.507577315
"4609"	10.91338739	11.0674593	11.09839357	10.8893907	11.02714033	10.81080884	10.32020387	10.37523449	10.19028151	10.33938663	10.43768058	10.35736591
"4616"	10.02879571	10.08182305	10.10371595	9.788766624	9.82874442	9.721771091	8.449864301	8.202310152	8.173227793	7.899368799	7.952138805	8.080540786
"472"	5.366079708	5.294624903	5.332563477	5.542530707	5.299211292	5.344253665	5.3928025	5.523199772	5.571689915	5.557202731	5.341612193	5.711265038
"4998"	6.157355117	6.228392817	6.671928105	6.13286143	6.65823109	6.075898506	6.098809395	6.108705709	6.165739538	6.284923253	6.327546502	6.223226554
"4999"	7.866130547	7.869582351	7.813125035	7.888647558	7.789036493	7.88428268	7.863254289	7.670387086	7.82659284	7.941896815	7.829685489	7.791262444
"5000"	8.902438133	8.706148866	8.67969359	8.808550653	8.759396123	8.678392942	8.523003129	8.425918222	8.522249967	8.540194162	8.633838235	8.672570768
"5001"	8.132258736	7.685942414	7.654956539	8.040809037	7.853085492	8.045157867	8.351691588	8.290944731	8.357474744	8.346017391	8.360788884	8.474510647
"5111"	10.80243567	10.70064102	10.76139574	10.96952437	10.81370942	10.83397237	10.44814295	10.25163176	10.45810486	10.58198868	10.64969023	10.53234258
"51343"	6.300588746	6.143242084	6.069322898	6.305049448	5.763284194	6.047107496	5.96457198	5.682377304	5.876955355	5.791895477	5.838170679	5.750715335
"51433"	10.06157832	10.13343789	10.13645788	10.13333023	10.06236122	10.05342689	10.00717823	9.975197527	9.855456746	9.805687916	9.894633864	9.963080043
"51434"	5.996163504	5.921247766	6.03917671	5.910027703	5.874836325	6.407589038	6.098766474	5.661360408	6.157401014	5.716922867	5.732902171	6.303695313
"51529"	5.427022723	5.329981137	5.387686784	5.270273528	5.233423947	5.228017279	5.35621076	5.400875304	5.631390549	5.44357787	5.715719043	5.646208907
"5347"	7.871992512	7.840014095	8.291855243	8.237844394	8.232157308	7.933466356	7.609049398	7.310926434	7.453076799	7.719237511	7.60681519	7.55953018
"545"	6.100744731	6.26822836	6.463677331	6.31010043	6.258348357	6.266664106	5.858510893	6.058016804	6.311389152	6.256274312	6.004273975	6.335834682
"5591"	8.394753921	8.263386983	8.277495944	8.663779521	8.567617489	8.599074424	8.270179543	8.000020104	8.409936752	8.496557525	8.489389215	8.352778253
"5885"	9.48281533	9.325515943	9.339125582	9.647971495	9.474919009	9.662730383	9.094867861	9.012182543	9.182251066	9.017876121	8.95889022	8.99518861
"5925"	8.960730542	8.65777559	8.940440338	8.982335161	9.024603432	9.075402135	9.39047721	9.109366373	9.316555759	9.547433721	9.514453946	9.314643196
"5933"	4.727921956	4.535957831	4.601508475	4.759218397	4.712864463	4.591427919	4.814077412	5.199552206	5.316844439	4.767698543	4.793738378	5.131138419
"5934"	8.668284037	8.476330162	8.543615719	8.634591506	8.777024271	8.501279371	8.565518121	8.465071097	8.629977003	8.546571005	8.448959858	8.635374441
"595"	9.474996532	9.478200301	9.403359119	9.756006365	9.618979228	9.914067187	10.32703999	9.971792383	10.20210711	10.59601884	10.43236292	10.15570178
"6500"	9.605503693	9.561020027	9.537128142	9.674171562	9.659087378	9.487512457	9.622635037	9.613982395	9.60084929	9.767047904	9.802522957	9.693275515
"6502"	8.935175827	9.026905624	8.803652391	9.167067482	9.183067926	9.140306583	8.567687146	8.470896759	8.508007578	8.811636593	8.864144205	8.575620097
"699"	8.355932776	7.58521424	8.137034831	8.411289438	8.248193759	8.131867803	7.132305397	6.854571281	6.859618751	7.492600432	7.454794448	7.191562519
"701"	9.221595958	9.103126588	9.384006618	9.468207206	9.471068724	9.220789796	8.338090955	8.109450893	8.418634329	8.79096796	8.779487603	8.58714384
"7027"	8.838926006	8.954555512	8.85006801	8.851081963	8.910534848	8.93601431	8.502943223	8.51627091	8.445662085	8.406910224	8.530730221	8.533537772
"7029"	7.27036596	7.470882752	7.349497888	7.194259304	7.174798179	7.064366483	7.207065976	7.135274291	7.184969712	6.704259524	6.927489493	7.218754731
"7040"	7.437435747	7.460174035	7.520437307	7.280029025	7.285954075	7.37118379	7.084042921	7.014098174	6.912443522	6.922664545	7.057492212	6.738558123
"7042"	4.643980164	4.765735708	4.687872393	4.254545958	4.392176361	4.611204132	4.098829972	4.368704145	4.108793073	3.884907564	3.739999224	3.906750017
"7043"	4.799682488	5.365766051	4.887371737	4.796760653	5.072864959	5.044876884	5.133169691	5.178928393	4.786548131	4.9857051	5.106001163	5.159723142
"7157"	9.639105844	9.639272042	9.708371752	9.757158255	9.608759643	9.296308409	9.364191609	9.523929943	9.508642095	9.240812708	9.142585737	9.392970675
"7272"	8.06369966	7.497171785	7.699291633	8.044379376	8.108540048	8.363640367	7.38804878	6.714303416	7.188326772	7.470615623	7.661786536	7.591854509
"7465"	8.366076847	8.648981879	8.552633266	8.723389011	8.654603252	8.383813255	8.350273896	8.037795792	8.218940385	8.410443262	8.423299608	8.398046713
"7529"	10.68673946	10.49531072	10.60959611	10.70934481	10.62899315	10.78995037	10.5573096	10.59090548	10.80173327	10.76514048	10.76016771	10.55090672
"7531"	9.35162408	9.603800621	9.809419465	10.01334234	9.943562642	9.348035879	10.04039138	9.935347868	9.380380049	9.650368443	9.942658533	9.750616964
"7532"	12.00376806	11.96404945	12.00174076	12.11035761	12.09236148	12.11134394	12.1889839	12.15550688	12.20909855	12.21418336	12.31476949	12.25152508
"7533"	10.35654574	10.12461185	10.27183188	10.51800227	10.40866345	10.4542077	11.24215005	11.1721422	11.19908115	11.16479923	11.15792282	11.24133754
"7534"	12.1484332	12.09632396	12.1539445	12.25556707	12.15422028	12.30313418	12.13931641	12.02758006	12.20619377	12.06504191	12.1045252	12.15544873
"7709"	7.456384453	7.694075448	7.677336067	7.499390162	7.591604095	7.767968149	6.963227652	7.13482079	6.918361849	7.030707568	7.080473149	6.967776404
"8243"	5.243077004	5.28144783	5.235148597	5.218004288	5.474724966	5.086813877	5.228994902	4.743267123	4.97877805	4.958442465	5.09651835	4.796334512
"8317"	6.406767415	6.147549802	6.348397277	6.603443587	6.663255745	6.817285965	6.130966581	5.832456524	6.064405563	6.246140539	6.290835358	6.293097484
"8318"	7.554211154	7.278833882	7.602553758	7.565923263	7.749335302	7.59310715	7.248846844	7.320081376	7.584988172	7.617800401	7.64706856	7.800553266
"8379"	7.528629363	7.279798199	7.4576732	7.529271016	7.4518364	7.444999877	7.46251448	7.445581519	7.525699731	7.456376151	7.509672297	7.594547744
"8454"	9.01247748	8.899230101	8.85236752	8.851931603	8.783239183	8.668171694	8.684177004	8.674573016	8.722561956	8.733733913	8.700092707	8.703350503
"85417"	6.072520379	5.922620953	6.135410584	6.149634653	6.114578644	6.083159088	6.140161952	6.373884805	6.216113425	6.424210726	6.248345438	6.488009408
"8555"	6.269635175	6.390517116	6.604229609	6.239340544	6.259717878	6.400272758	6.10878771	6.151065131	6.181212695	5.882046415	6.029686142	6.203571822
"8556"	4.537654329	4.304338937	4.445057005	4.617627995	4.596882636	4.537961594	5.42617083	5.202044044	5.73625306	5.617691645	5.45229448	5.541393332
"8697"	9.256014405	9.234441178	9.244762386	9.092510338	9.177423724	9.006194617	8.959175261	8.909405884	8.954339115	8.852532189	8.825953563	8.897819627
"8881"	9.049392074	8.754124239	9.084820352	8.999367581	9.056023955	8.955708732	8.91465945	8.963894771	9.023560285	8.859343215	8.839084052	8.961970163
"890"	9.557698249	9.410199149	9.584397479	9.666307027	9.647798899	9.555723665	8.551396046	8.22775375	8.293812442	8.680919252	8.789570551	8.653004289
"8900"	9.513210042	9.538761867	9.501005578	9.762249679	9.653722129	9.383579576	8.582814376	8.138290524	8.198983997	8.640983883	8.50625592	8.339460755
"891"	9.844686196	9.872876078	9.854655426	10.0356892	10.11503329	10.28857553	9.024359216	8.536631089	8.606783547	8.984903167	8.991589858	8.835548242
"894"	8.817726417	8.778806996	8.792551484	8.93031024	8.849807456	9.373829616	8.117307565	8.241772919	8.363409671	8.260882114	8.277433376	8.313244412
"896"	6.721936003	7.012903589	6.554871585	6.476498889	6.666822769	6.56828498	6.598077691	6.443779399	6.420483929	6.589216748	6.653509606	6.54854526
"898"	7.592206818	7.518033241	7.615954628	7.508735792	7.363097999	7.268187122	7.608351727	7.763579695	7.625474595	7.510198205	7.659487697	7.954508498
"902"	9.594384998	9.558942499	9.499557272	9.752559321	9.729084012	9.488771756	9.645011982	9.4932275	9.455820128	9.690003795	9.757277465	9.728204122
"9088"	7.891918158	7.889435097	7.850591629	7.975567895	7.765639157	7.814763095	7.88315884	7.727579935	7.893114387	7.873769795	7.851471964	7.985596202
"9126"	3.561009786	3.749141889	3.702512059	3.532737914	3.700912982	3.483687729	3.522571054	3.36010057	3.433953478	3.38142674	3.452040288	3.209669409
"9133"	9.80854894	9.685183553	9.833609918	9.986918402	9.93267871	9.921582358	8.957490366	8.644448254	8.815964827	8.957120731	8.935437499	8.846212266
"9134"	7.190911484	6.921940177	7.355747779	7.560136006	7.273569562	7.447892151	8.149794283	7.930809151	8.242794564	8.526478081	8.629374074	8.375837062
"9184"	9.419528159	9.325139338	9.398732357	9.41082081	9.393514695	9.541606706	9.332635294	9.218126471	9.421055223	9.274588551	9.249081992	9.390310886
"9232"	11.5299515	11.49499214	11.56907222	11.51640554	11.53420506	11.58287854	10.62289532	10.35942301	10.34250868	10.43909502	10.55795529	10.46768078
"9700"	8.047406196	7.925944348	8.005688803	8.09310491	8.096736566	7.981147585	7.90494638	7.738929285	7.777007536	8.214414043	8.121584852	7.990511371
"983"	10.3165803	10.03449856	10.29672925	10.57853339	10.56269915	10.25954029	9.554737956	9.417062796	9.515596507	10.07439347	10.33467708	9.782057832
"990"	6.597388737	6.570628107	6.463150583	7.11911375	7.192499836	6.630642093	6.414663504	5.920471391	6.367283777	6.761474647	6.888910585	6.775571845
"991"	10.0117654	9.961661812	9.949602874	10.22363238	10.24709311	10.28866875	8.800146842	8.372667227	8.409661944	8.864194903	8.957126249	8.765612879
"993"	4.840909048	4.62127896	4.452615708	5.70004031	5.313038421	5.722928296	4.964386853	4.761765916	4.898451289	5.560205752	6.068557766	5.816430027
"994"	10.15287212	10.2774549	10.23882897	10.36448343	10.10426073	10.28547591	9.71275686	9.627798561	9.763356779	9.647068916	9.664326529	9.735703231
"995"	6.416186391	6.370034085	6.587178866	6.795503852	6.576308286	6.474026356	6.13404007	5.920096322	5.770273525	6.068393604	6.195803026	6.281536445
"996"	8.628410033	8.685790347	8.642219681	8.659820098	8.585102796	9.16410982	8.705542569	8.671388588	8.714256805	8.55519747	8.478980756	8.645378799
"9978"	11.2937986	11.33808815	11.2726178	11.40899135	11.25548931	11.19231817	11.12047932	11.1340942	11.02226285	11.10161372	11.19422629	11.05678129
