Gene	GSM410666	GSM410667	GSM410668	GSM410669	GSM410670	GSM410671	GSM410672	GSM410673	GSM410674	GSM410675	GSM410676	GSM410677
"10319"	6.073936484	6.411135776	6.326596321	6.158715483	6.077166971	6.516469018	5.97070186	6.19032594	6.198966669	6.19838897	6.227026417	6.300801041
"1101"	6.786903419	7.001196731	6.762098786	6.801620345	6.830914913	6.73563932	6.71094348	6.947186563	6.927571128	6.708574579	6.853292986	6.574389245
"1277"	3.881454697	3.536443448	3.714714182	3.457229907	3.579052232	3.521410966	3.683696312	3.360144718	3.428248271	3.520748994	3.433899076	3.54280073
"1278"	11.10427036	11.01216309	11.18553414	10.22599277	10.22201847	10.50725289	7.32898194	7.685757527	7.584629696	7.287736514	7.352060492	7.385893943
"1280"	4.272527588	4.390128108	4.302340727	4.179921804	3.935318948	4.241265848	4.226884802	4.285677695	4.370831617	4.313040581	4.224815095	4.274597296
"1281"	5.566186322	5.673177727	5.637251529	5.657069023	5.74792618	5.899274534	5.591555356	5.734004978	5.53342419	5.622416275	5.660748146	5.67082295
"1282"	12.4958718	12.63251188	12.61019814	12.17692379	12.28468822	12.18326344	13.23711722	13.22469151	13.32940577	12.97608055	13.03603728	13.15040337
"1284"	12.63038173	12.65845567	12.79792136	12.28817683	12.36511864	12.1231567	13.26522587	13.32844856	13.39967665	13.12415457	13.08368272	13.23122826
"1286"	4.393101017	4.387520607	4.169981561	4.593863817	4.387055424	4.585110753	4.72330276	4.588517178	4.761064902	4.939139527	4.699791685	4.718048432
"1287"	9.69211033	9.884731318	9.824509041	9.788086734	9.873868089	10.01649579	9.553990859	9.545792789	9.625618743	9.187876569	9.224471238	9.46200209
"1288"	4.629080487	4.764909814	5.064543885	4.774988766	4.934614844	4.890788357	4.804551287	4.799935015	4.888048271	4.834933895	4.750532845	4.859221204
"1289"	7.616024644	7.562364883	7.600812754	7.385631525	7.223673683	7.618376789	7.118532467	7.047224419	6.856495666	7.24558748	6.645496154	6.951005399
"1290"	10.00942598	10.0674335	10.03363687	9.674527877	9.627195931	9.946058714	7.745331026	7.982182605	8.153720772	7.512752532	7.39253474	7.93132494
"1291"	7.225068856	7.04873277	7.276286	7.232318511	6.977798967	6.709371789	7.516713757	7.602051317	7.765757937	7.276047629	7.410120709	7.648538595
"1292"	6.186649881	6.184863887	6.124759477	6.119715683	6.089539523	6.29412513	6.962394269	7.071204174	6.943774606	6.399685252	6.83408074	7.046498501
"1293"	5.49243366	5.748884065	5.588164439	5.674045017	5.322533087	5.854515308	5.910277106	5.815826242	5.856323669	5.927672732	5.971134971	6.2216495
"1301"	4.192199944	4.191429204	4.055304782	4.060010741	4.187129142	4.042240887	4.418944363	4.459808284	4.138686835	4.439894227	4.139529929	4.469550195
"1302"	6.496618015	6.559931491	6.331784619	6.413590417	6.671485451	6.360889239	6.341277951	6.547583507	6.488641913	6.58113523	6.593251662	6.636292261
"1311"	5.924670218	6.146336852	5.875744999	5.953076785	5.871941649	5.820175167	5.736394629	5.706365257	5.558419826	5.396665691	5.680287801	5.494497352
"131873"	4.278244484	4.127229343	4.287676317	4.216201268	4.221950029	4.522417306	4.44500071	4.483541164	4.56627008	4.69585337	4.548033252	4.497780541
"1605"	9.861026369	9.792575008	9.803495872	9.773116575	9.80735238	9.686147997	9.755778873	9.841766636	9.899676695	9.805648569	9.737697315	9.939719016
"22798"	3.994841803	4.192375195	4.22610673	3.752184098	4.028343387	3.710702862	3.641284865	3.457605293	3.463751529	3.731405376	3.553004961	3.646960107
"22801"	7.01570072	7.094440645	6.966541337	6.812226311	7.01126826	6.850618488	6.905272279	6.911202498	6.839610223	6.759386226	6.919527526	6.960673877
"22987"	4.905157575	5.154843282	5.02036175	4.827888058	5.111417175	5.0890904	4.961445775	5.146236394	5.0053884	5.002933021	4.998097455	5.264767922
"2335"	6.544510157	6.338707576	6.049070458	5.675756467	6.065669981	6.11422668	5.046495831	4.97941747	4.884848698	5.139753615	4.923070935	4.917014374
"2811"	6.993288707	7.021654176	6.853838931	6.889695328	7.078856077	6.901505062	6.929120459	6.814462734	6.717434241	6.930941895	6.959031197	7.042834371
"2814"	3.591366391	3.693013461	3.527684245	3.820830735	3.976092393	3.994841803	4.184407794	4.23319551	3.979037374	4.286061547	4.077322759	4.342621937
"2815"	7.03612288	6.997926561	7.32452917	6.991253799	7.136531606	7.214496146	6.974658431	7.078986582	7.14394342	7.078634662	7.105689528	7.012462352
"284217"	5.595869341	5.388560711	5.720027348	5.895460312	5.775631517	5.695079932	5.424065306	5.722459825	5.4956177	5.669447799	5.521476711	5.647739739
"3161"	8.895913973	8.935175827	8.88392722	9.321860985	9.618186682	9.398813067	8.329639651	7.873547649	8.138717162	8.629204506	8.694135473	8.419819334
"3339"	7.740952778	7.415810178	8.18614885	8.021463015	7.923101569	7.37052238	8.72011423	8.879272604	8.6466166	8.580257851	8.723449307	8.867963721
"3371"	3.715876817	3.807261224	3.439803404	3.704932278	3.769786037	3.62426291	3.581196743	3.765069749	3.662742382	3.743716298	3.597738429	3.727763451
"3381"	6.779770631	6.704665194	6.73507718	6.593919889	6.743648455	6.83188298	6.500245017	6.436828803	6.128940179	6.415944223	6.430918705	6.286308584
"3655"	10.3337822	10.253733	10.34860854	10.3191075	10.46058167	10.38652246	10.52452989	10.44195371	10.70398943	10.75113754	10.78009483	10.53373419
"3672"	4.037475251	3.949711104	3.774478005	3.949581692	3.631650819	4.000043285	4.791732869	4.802228274	5.352289604	4.331500933	4.820785549	4.637868326
"3673"	8.432996648	8.396693029	8.397553427	8.331835092	8.419837545	8.507551676	8.770941378	8.766384309	9.128081834	8.897520372	8.68858339	8.960977855
"3674"	7.516633646	7.507629905	7.60612379	7.236980663	7.342572468	7.366215442	7.020285177	7.093962925	6.723746469	6.808151091	6.933609993	6.475687264
"3675"	9.356517357	9.258896757	9.391515061	9.340878202	9.040888404	8.855641764	8.632325362	8.701755617	8.867058572	8.736483663	8.647739664	8.794685313
"3676"	6.197670401	5.961287248	6.132523269	6.097994796	5.815800652	5.945713928	6.137465651	5.969743017	6.72121733	6.111622022	6.048644001	6.400909499
"3678"	12.07727594	12.04165473	12.17634313	12.07277021	11.9494477	11.923129	11.97957168	12.1106748	12.28561231	12.12997214	12.0404906	12.20511453
"3679"	6.800529906	6.893679882	6.585250196	6.305417321	6.603062435	6.225485821	6.647586182	6.635456047	6.43085933	6.332246799	6.344358511	6.586136849
"3680"	5.043751671	5.514671117	5.474735077	5.187809392	5.339586583	5.299460033	5.212331554	5.170992884	5.115145064	4.887945734	4.955547716	5.065067214
"3685"	10.98090235	11.03704847	11.15786089	11.12654573	11.10749194	10.66469394	11.23793922	11.1340586	11.4402028	11.22863816	11.20824697	11.23733516
"3688"	11.59683205	11.66251195	11.66094459	11.58583093	11.74075451	11.89218329	12.26108431	12.15547286	12.21163519	12.01944942	12.09979195	12.23731781
"3690"	7.075145319	6.90144006	6.521696402	7.131834205	7.014555344	7.124478673	8.301063196	8.18397428	8.223399756	8.4026724	8.233451332	8.393587246
"3691"	6.44426877	6.771144555	6.738320623	6.262987175	6.206584296	6.553970373	5.919877287	6.007244372	5.82803465	5.807452351	5.890948747	5.757411888
"3693"	7.77749064	7.883220442	7.823723943	7.599455245	7.53283539	7.584029782	7.276662851	7.397705918	7.186563189	7.36090424	7.178714736	7.42851178
"3695"	7.65625265	7.680818061	7.411522837	7.631679095	7.422073034	7.394482239	7.439502515	7.417180141	7.408428179	7.312519124	7.197852512	7.614890075
"3696"	4.26415814	4.4007555	4.385022101	4.216971176	4.156414213	4.306541751	4.436721596	4.578016733	4.397292162	4.475903128	4.485916355	4.394249569
"375790"	7.259832499	7.292165736	7.471366241	7.170758327	7.232784031	7.179116124	6.858016894	7.193972008	7.223810254	7.023967173	7.239282083	7.14923269
"3908"	6.066052987	6.439329528	5.958250674	5.762808413	5.830778893	6.088397502	5.574212482	5.710731756	5.531381766	5.557065969	5.392144455	5.236585171
"3909"	5.625400778	5.887250544	5.714373281	5.367228108	5.728753333	5.76270584	5.520990209	5.512948979	5.30556625	5.46255096	5.449269881	5.155333201
"3910"	11.07727632	11.19463303	11.22296905	10.98530544	11.0473938	11.09779931	11.51257424	11.61603354	11.70939059	11.28923645	11.29053085	11.39965836
"3911"	9.000127705	9.159837414	9.223514857	8.925763046	9.065776867	9.006027759	8.528184112	8.671622672	8.629344277	8.520428896	8.569731561	8.64887575
"3912"	10.99975852	10.88881936	11.02712785	10.86691347	10.82758099	10.95708958	10.85515846	10.92171574	11.1879745	10.71544141	10.68927323	10.90412471
"3913"	8.595935393	8.572008161	8.72531042	8.457408311	8.466181321	8.681735013	8.760941689	8.783419515	9.001747452	8.641881435	8.567067245	8.875066919
"3914"	6.550940456	6.711255683	6.6525061	6.534843899	6.527268771	6.351998766	6.228139866	6.333937937	6.258729455	6.094288804	6.217260999	6.072280762
"3915"	10.62800844	10.635399	10.70910404	10.61225756	10.52375656	10.73291503	10.84949241	10.82003816	11.0925595	10.57073844	10.49456166	10.53728692
"3918"	7.409473087	7.097153834	7.090319853	7.272546892	7.002727588	6.853145983	8.441230241	8.406232835	8.784933401	8.212454011	8.112844179	8.465953089
"50509"	5.640620463	6.193689444	5.772743602	5.864206618	5.812276813	6.035345855	5.827551317	5.890697949	5.875721971	5.971193659	5.859611033	6.210893204
"51206"	4.810961371	4.816682207	4.804099569	4.595410564	4.804544063	4.779229349	4.954730104	4.810178632	5.027973945	4.945344671	4.805819756	4.875541042
"5649"	7.657899498	7.43435587	7.747059477	7.091490431	6.907535024	6.701546869	6.068094848	6.609018806	6.427933022	6.747297986	6.21674101	6.528558304
"6382"	5.549291124	5.952027788	5.794946148	5.430363339	5.589708543	5.583319282	5.508456789	5.154966443	5.183971472	5.117405393	5.223065955	5.383671196
"6383"	9.225930574	9.121290335	9.113451058	8.685931982	8.722295593	8.837422351	7.002266488	7.055012422	7.110084353	7.010525959	7.078798692	7.24110616
"6385"	8.892337118	8.985668111	9.012514146	8.664355777	8.532792982	8.733849151	8.754840933	8.655923709	8.802038456	8.328986707	8.395641833	8.744492451
"63923"	4.416231173	4.33942831	4.305429747	4.395811819	4.435017934	4.36199701	4.578219317	4.452416196	4.573975417	4.6708869	4.449772446	4.452416196
"6696"	3.381245203	3.604233027	3.349243134	3.55651713	3.788715576	3.693082117	3.916435465	3.956675653	3.485474075	3.732890791	3.914459874	3.965856997
"7057"	11.27849047	11.34769259	11.15017276	11.06963139	11.13842368	11.99158469	10.48912012	10.37600982	10.41449092	10.13244372	10.03443153	10.32781463
"7058"	5.81940495	6.050271488	5.929094393	5.839713422	5.790441786	6.022945219	5.963357752	5.85892004	5.839788802	5.921848168	5.914263771	5.864416658
"7059"	7.379771033	7.126478264	7.41483111	7.286438685	7.22593038	7.3517494	6.979750535	7.181866627	7.257422323	6.888879982	6.743766751	7.11225811
"7060"	7.243911678	7.127850044	7.207863481	7.313855184	7.2609827	7.030247758	7.04443415	7.028549704	6.56514689	6.844438546	6.953618614	6.962411022
"7143"	6.58497808	6.858607769	6.650506671	6.500321575	6.55778965	6.449063609	6.416685867	6.417140407	6.271960392	6.328660227	6.38828854	6.146191343
"7148"	4.222223675	4.088499086	4.474496607	4.034282899	4.02949627	4.361555587	4.072580144	4.110719861	4.066909157	4.030010692	4.105122379	4.083174606
"7450"	10.320994	10.17787161	10.61736173	9.49840152	9.43521926	9.189403031	9.045427997	9.200776472	9.349198511	8.175007815	8.269481262	8.940465757
"8515"	9.264028306	8.797546316	9.33852554	8.766114352	8.927841061	8.889030444	8.462398459	8.700034483	8.633894633	8.391695019	8.488596134	8.457496297
"8516"	4.72418622	4.6312576	4.640871979	4.517159795	4.645798086	4.577905587	5.188277798	5.526853647	5.624456609	5.456973048	5.386867193	5.635362342
"948"	6.391740564	6.31404714	6.294290604	5.613474604	5.200862583	5.849848797	4.567047114	4.651670435	4.502061332	4.498394479	4.490431741	4.512160749
"960"	10.05602438	10.13950616	10.12735845	10.26459092	10.24508658	10.4710527	10.04515899	9.974359723	9.982386662	9.918579109	10.07955336	9.947436878
"961"	9.801538385	9.671845867	9.78145788	10.06435475	9.904673121	10.0373269	10.86119034	10.74134109	10.83990284	10.81960193	10.92169685	10.85907152
"9672"	7.073476818	6.763531633	6.913515331	6.889219482	6.763498723	6.800191603	6.817565479	6.884724765	6.8024743	6.753166009	6.943492759	6.820688583
"9899"	5.7749356	5.748883202	5.69402052	5.92923293	5.673497774	6.074023005	5.982217542	6.109890541	6.048885889	6.16588717	6.108386022	6.355315037
"9900"	7.038986779	7.019418412	7.044642439	7.069063904	6.754519637	6.995873717	7.003389054	7.142388012	7.006133426	6.833949095	7.067778478	6.758711163
