Gene	GSM410666	GSM410667	GSM410668	GSM410669	GSM410670	GSM410671	GSM410672	GSM410673	GSM410674	GSM410675	GSM410676	GSM410677
"1520"	3.553406909	3.383258968	3.369428085	3.583200434	3.611016005	3.69260086	6.612603177	6.389182818	7.244149911	6.876833037	7.189055519	6.689922202
"55353"	8.166905915	7.933564388	7.844516066	7.484478532	7.744016406	7.436404269	9.508226674	9.340300403	9.133437528	8.915018852	9.058954805	9.194330092
"4864"	9.0944933	9.145516952	9.309958286	9.186540411	9.208852906	9.008969325	10.33084528	10.17270984	10.18760218	10.37632354	10.28959088	10.24034851
"2517"	6.468039487	6.254434291	6.523442336	5.907312412	6.298580463	5.880082768	7.398898041	7.48976949	7.438543308	7.023426492	6.956020641	7.402670268
"27074"	7.367730713	7.487166346	7.679600509	7.297393792	7.275062457	7.235512796	8.532972778	8.663814219	8.709383662	8.247260531	8.164493014	8.362280888
"5641"	9.086837615	8.847403821	8.928654691	8.755132648	8.819655078	8.400979547	9.856240936	9.885040982	9.930749659	9.630046842	9.727231094	9.736558715
"3423"	4.778238898	4.617411787	4.846423674	4.989243448	5.051637709	4.587298899	5.766305271	5.505657437	6.332642996	5.651276154	5.374176357	5.893338073
"537"	10.44362638	10.27341091	10.38965575	10.47916801	10.34681708	10.40779967	11.30086495	11.30249986	11.3498064	11.22272676	11.25491965	11.32989694
"533"	9.93345763	9.918830871	9.899904312	10.08129805	10.02169756	10.06119491	10.8898194	10.82360508	10.74391177	10.78003896	10.92171722	10.90181244
"2717"	9.001183252	8.820802802	8.831054864	8.97713063	8.992395867	8.755445143	9.809205338	9.667632695	9.618047365	9.713140705	9.857079532	9.774314476
"1514"	10.07365321	10.11997255	10.02911969	10.20991782	10.2599966	10.1458275	11.03860719	10.77743749	10.84395663	11.08592022	11.12685469	10.99051137
"4758"	8.351774115	7.876546587	8.174223321	8.496190521	8.417307878	8.026950702	9.052451565	9.042920553	9.024434169	8.910139537	8.906525838	9.045369413
"7805"	10.70732947	10.60174813	10.66756422	10.67058277	10.67234339	10.78246601	11.42149353	11.47565085	11.42291129	11.36255743	11.43257477	11.44370295
"2581"	7.932155847	7.548430347	7.850129935	7.693273858	7.630638049	7.395611725	8.490051203	8.464184415	8.520075373	8.163668073	8.154019623	8.501419858
"3482"	7.588934834	6.800586335	7.29372027	7.230184834	7.016715313	7.473407681	8.123431108	8.033308401	8.080776418	7.74848955	7.651441315	7.976708092
"4668"	8.943406591	8.820193982	8.696713823	8.853134678	8.905021867	8.943971949	9.610690829	9.477597038	9.319198735	9.540341563	9.509039927	9.574199999
"1211"	4.640207394	3.873250705	4.718047237	4.513470311	4.630212703	4.435703558	5.131734505	5.342188041	4.7974815	5.039611433	4.936941613	5.340812305
"1519"	6.876745425	6.6164558	6.977546535	6.842672773	6.55111756	6.351445369	7.319606889	7.422487114	7.446975168	7.257962395	7.019631474	7.443348312
"10312"	8.935324808	8.891125947	8.997962573	8.692619126	8.730707909	8.825525584	9.417042209	9.477884655	9.589550753	9.457302873	9.349771181	9.364598673
"535"	6.901414513	7.042832048	6.791348755	7.016003737	6.862786837	6.988726371	7.422125679	7.548148252	7.470425403	7.48039724	7.540171684	7.661370021
"1203"	8.585450789	8.360967543	8.464900979	8.433717357	8.410003698	8.23702217	9.04400838	8.9375415	8.95364369	8.901027856	8.956806336	9.020554622
"3074"	10.65582915	10.66414741	10.64132561	10.62795513	10.61068882	10.63187903	11.27669396	11.32152447	11.20719454	10.99792998	11.06854421	11.24613383
"427"	8.756250657	8.781720789	8.649180688	8.609346175	8.568128298	8.735268864	9.370068021	9.496230602	9.402479228	8.937742814	8.847094943	9.226560875
"23659"	7.395207984	7.213899481	7.160398798	6.862644	7.21850688	7.28621527	7.772604217	7.704933429	7.806395216	7.606461375	7.659199441	7.671475308
"1508"	12.24659339	12.26805017	12.38776469	12.33464414	12.27745314	12.40402329	12.84559195	12.86770118	12.9954194	12.74381887	12.7375536	12.80207175
"1509"	8.069413513	8.071978576	8.208414846	8.321380924	8.014062216	7.93930011	8.710001742	8.65914179	8.749470583	8.413087008	8.504817437	8.64401965
"8120"	4.425984469	3.863656545	4.144333873	4.449809552	4.311080501	4.41632968	4.722551974	4.77962063	4.848683295	5.02268542	4.672121675	4.600611485
"6609"	8.274377613	7.948963082	8.104861206	8.007624477	7.962431375	7.879782094	8.470782673	8.557925973	8.768279614	8.485450828	8.379849328	8.541917736
"3988"	8.048268404	8.136661954	8.035230316	7.777005325	7.803987973	7.656096566	8.609444057	8.704698658	8.629977003	8.088405278	8.04347561	8.326952485
"5476"	10.72914219	10.35589395	10.6467346	10.50179937	10.44511015	10.37570833	10.99114057	11.12584134	11.1829874	10.76311508	10.84862339	11.03438672
"175"	7.737941029	7.847409644	7.711692139	7.805378317	7.77712847	7.794628971	8.402579205	8.318958122	8.160742279	8.077502886	8.075927398	8.160730258
"967"	12.54009232	12.60321334	12.61102534	12.57383541	12.57232742	12.57540957	13.02842005	13.00883989	12.98826922	12.94750165	13.04440537	12.96692632
"6272"	5.052788431	4.933874729	4.964273812	4.912861947	5.117291669	5.157034761	5.562279368	5.548392722	5.536209313	5.331231213	5.2540255	5.386649477
"26503"	8.040929372	7.821378956	7.788939771	7.976047762	7.921766894	8.075379976	8.206625269	8.377521347	8.386956005	8.444853043	8.249920867	8.41602874
"1075"	10.39348376	10.50809837	10.39321512	10.35326487	10.25883553	9.822933574	9.415809833	9.41257786	9.62038173	9.510247181	9.463400394	9.560507854
"3373"	7.157804928	6.982395385	6.922133748	6.774088745	6.853116043	6.988726371	5.89214618	6.028971117	6.0965944	6.128334958	6.021754759	6.198319705
